habitation_id,elevation,slope,rainfall,soil_type_idx,hazard_severity
H_0,1186.1663446573511,8.330981797737884,1154.2642093397649,2,15.60358113399769
H_1,2857.071488588757,24.385542632026116,1117.4469976799996,0,83.4590952595272
H_2,2222.7824312530747,39.282562614438376,2765.636451302592,4,35.833465667167374
H_3,1836.109604171406,32.95011988843025,1123.8654996237651,2,91.28924447365753
H_4,552.4540572830658,36.295251653765234,1179.8743153215773,1,56.56881721410058
H_5,552.3841089749876,29.64525150198228,2398.495656044909,2,18.267238423966813
H_6,268.44247528777845,31.15244540330336,1624.34960612635,2,13.95988673598001
H_7,2611.910822747312,38.213804320439365,2441.776392387953,1,57.64724375577539
H_8,1843.2335340553054,11.235060398663368,663.4153939109631,3,76.18836118624439
H_9,2153.410475608532,22.02412336394132,1718.9279841834607,3,78.15056477421821
H_10,159.6950334578271,9.954424881882101,584.0340004582066,0,27.575740444128126
H_11,2912.7385712697837,44.445060359849116,656.6330086383863,0,20.424675891216747
H_12,2514.083658321223,42.4826702858976,2766.0936333610275,3,1.6756304492382412
H_13,715.7834209670009,1.7742065115827654,848.113427793988,4,67.91991512011694
H_14,627.2924049005918,31.75088276320598,1831.0517056880428,2,7.656825843353898
H_15,631.8730785749581,41.63617428370496,1527.7390065017664,4,42.07612017659258
H_16,982.3025045826594,8.12589053073001,1368.3583156471068,2,60.16821640182961
H_17,1621.7936517334897,25.557535374868326,2749.583364218181,3,93.71089449196771
H_18,1352.6405540621356,41.19697339146188,554.5584919387237,0,31.180213695576864
H_19,944.5645065743215,1.5275690363609478,2159.474215438973,0,24.977216244651977
H_20,1874.3733946949005,31.383912026107797,2908.486085533876,4,65.41601542860984
H_21,504.53219589092134,13.380705331764785,1900.4204586546048,0,61.923903205358165
H_22,947.2194807521327,41.59782879194387,2842.0561550827297,3,33.21097833081246
H_23,1162.4493455517058,43.697621032441546,630.6446982150594,4,92.81018355097865
H_24,1422.6029542294043,42.491992010104525,1546.9832976854034,2,84.48623274896327
H_25,2377.0102880397394,21.33963974958587,1150.3944774051279,0,22.398254586508116
H_26,679.0539682592432,38.791919294519104,2327.0524124518242,1,23.91425454345232
H_27,1591.2798713994737,38.00472293407817,2953.2427262431165,0,51.23003468870806
H_28,1818.0022496999231,14.359521295946504,1141.3251561106194,2,77.35721017307203
H_29,234.7061968879934,37.30119633678048,2135.436503685186,4,4.4040379388464395
H_30,1861.8800705141712,1.665343562197168,995.2440818993502,2,69.33351537347066
H_31,594.5199586931454,26.832144531692386,1913.3256364290248,1,64.82358973820969
H_32,288.6496196573106,10.350397677946637,1659.8312167208405,3,23.148009591298823
H_33,2851.7680580346664,5.425509859977547,2930.0133240788427,0,68.13530132413487
H_34,2900.3328959162222,3.462894073314412,2021.3181817411664,4,94.01831912520827
H_35,2444.3523095377373,31.332994914516288,1373.7659302170468,3,4.6785844971768515
H_36,983.379930602775,15.294373369562976,785.2394622198335,2,31.96520552920625
H_37,383.2491306185132,32.614504718794265,878.1170718373364,4,43.817671666635526
H_38,2084.2757768852553,2.9410353359524066,1063.2923248780876,3,89.92603589246896
H_39,1376.4422318448437,14.188065202377466,1127.416653350745,4,96.22614466091566
H_40,453.9108810498586,24.277108156890176,2626.5401446028445,1,44.41152464963323
H_41,1536.0130393226834,35.58254241775336,1903.0569707063123,1,75.00284121421912
H_42,199.72671123413335,14.343862631943146,1808.477278435916,0,53.1661023764483
H_43,2737.029166028468,28.165111939665408,786.9221796730437,0,53.77829347413765
H_44,850.4619466400491,39.86899867062842,2650.3492333735876,1,27.809951506635645
H_45,2021.3146246265478,27.713843468203706,2307.0357580212094,4,21.69562458638795
H_46,1003.9621206592917,10.48317636391352,669.170904750004,1,28.800534592404116
H_47,1608.1972614156514,1.098035170044211,2269.5877430744217,0,55.63280072570793
H_48,1685.4598100955109,39.15444932554185,1858.8455433566153,1,2.9155186022088997
H_49,636.0779210240285,0.9571234882674212,704.3133643669456,1,90.72489443564058
H_50,2911.79542051722,39.361575270788975,1645.751603821641,4,15.628370954977623
H_51,2347.885187747232,23.80217103122454,1711.7407178251174,3,22.008867687138654
H_52,2824.5469305361485,42.25804643308033,914.4363504081894,0,51.827617644764636
H_53,2694.9993162401815,35.94524560981494,2864.245367500706,4,71.01147663372794
H_54,1833.909938552147,44.90703497400018,2624.9384287016546,1,9.57290547443973
H_55,2773.4352815670386,15.782031695326957,2172.5558433227707,1,31.76946975471622
H_56,356.62825595056654,34.52347300190071,1655.738902501518,3,96.86746055743572
H_57,668.350301015521,18.0868911124159,1529.4138539612713,0,26.23429667809457
H_58,231.1591378405604,21.594402913675896,2127.4336678773852,0,31.305014506314688
H_59,1043.4579592134664,28.237745844826655,1863.5796735172637,2,83.64984906180335
H_60,1227.164140099498,39.315470138385244,655.682764704714,0,5.021443169045526
H_61,886.9121921442982,44.28375611396828,1781.2566219258292,3,46.46131688089709
H_62,2503.338776540595,34.572303623903316,2516.0090430820987,2,37.96167644516702
H_63,1134.584647411409,18.79950519753002,1648.099693992395,2,31.658675990865113
H_64,914.7100780934043,18.961065102468158,629.891443885671,1,28.569959404476453
H_65,1673.8186411589206,33.19120357150012,2465.6954984600825,1,9.13741048604092
H_66,508.68025242681165,10.744971559573605,1003.4094553399359,0,31.48258293516488
H_67,2426.371244186715,4.97133509091276,1146.5520872200968,2,4.305240271566857
H_68,316.1968666713354,15.957997093834944,911.7658835807397,1,78.09638636444353
H_69,2961.9721161415,12.925754624433678,1325.5376621787439,3,39.82277939580116
H_70,2339.5098309603063,13.333865420519555,2391.8787642215875,1,44.39038323199116
H_71,676.2754764491,10.512348797245947,1798.4646487598434,1,89.35945864501316
H_72,116.01413965844696,1.8941935336362847,1012.2031853767813,2,65.80549838612207
H_73,2464.838142519019,0.8043270630036214,2694.5751953801023,2,0.8059103342119789
H_74,2149.8862971580897,44.44750753812142,2698.954637378823,4,94.3174822961285
H_75,2214.120787318863,19.249791018113804,2676.446062615017,3,23.714446597771122
H_76,2336.6840053892424,17.294699122185676,1096.9905284538481,2,10.761418475985884
H_77,314.7294900288621,30.584127721188143,1628.0983604524702,0,76.81281783808822
H_78,1139.5506127783906,9.821424953927888,2962.4741403521875,3,50.047731586671816
H_79,436.0202726228762,42.74825327776014,2430.0311907749756,3,43.377056601801755
H_80,2602.9999350392213,35.38552564869984,567.9185530638996,2,24.950307968274178
H_81,1907.564567799918,4.023495104051678,663.0114781512301,3,54.74714898623186
H_82,1059.6042720726828,18.791134910321777,1659.8284420308319,2,27.438460520258744
H_83,284.31921582946853,39.560323840297414,2773.0505146539003,1,90.15830052870676
H_84,1001.8487329754204,42.51294100311346,1846.7544948817856,4,21.52044797331928
H_85,1043.0316338775665,21.033068006244136,1744.5312700857255,1,88.43551504557536
H_86,2215.857917180386,27.603512514481846,763.6842498915764,2,55.940542572735694
H_87,1948.916666930118,7.516527574143385,2141.9502618107354,2,82.8488133895241
H_88,2672.916953471347,44.60258817616394,2555.2579015005635,1,71.2845995860955
H_89,1469.423282969653,10.425226562254952,1451.0500187689058,0,69.66951114367485
H_90,446.82331322107495,42.422929836080655,2439.029627313319,0,32.43458076950557
H_91,2168.4098829466857,29.23409920465658,2911.191634752029,0,23.38969314722035
H_92,2306.2766409890028,27.34815576954866,1009.4161478192227,2,21.088622768078814
H_93,1727.703872951539,23.070982995742888,1808.3240779868534,3,85.71916570595887
H_94,2335.804821868227,10.380141527299141,1217.8448952114388,2,82.042682025902
H_95,1532.007229456733,7.943761440247872,2482.1360475845986,3,44.057352801230735
H_96,1615.9252052077827,9.92187940815789,1943.9834147028937,1,13.24046134964546
H_97,1339.8689532397939,8.389721796491454,2086.4560438757594,4,38.225225197745836
H_98,173.71546755787605,35.081301310503896,2494.7853990397352,3,61.93434541369114
H_99,412.8851382805829,15.755636662502855,1489.9261816561373,0,45.44031544799528
H_100,191.14463849152935,2.6029204453528365,2787.725171017608,2,78.0189268482995
H_101,1945.590192664963,43.60961835633651,1832.57216811535,1,99.76228222513855
H_102,1011.6323451213474,39.77036482335416,894.88705708837,0,19.113208844889684
H_103,1574.8550043776381,41.74885274378458,2239.747795422006,1,45.965081965957246
H_104,2731.94277438567,44.77085201908959,2483.1533760956363,4,43.098390192082206
H_105,822.9474645317373,7.825286214876928,1291.9041926688167,2,30.44925327489508
H_106,1290.1104768033263,17.830890850619642,2642.9481424968826,2,19.80955167202896
H_107,2291.0983017748413,34.12073140668411,2765.358136914416,4,6.569211648965922
H_108,763.5146799257052,31.32092781242065,1192.2612184445225,2,88.71193172236984
H_109,323.2417385034997,6.925315785293478,2958.803681788055,3,41.98486976863176
H_110,940.2792134499273,36.712490624577796,851.778820121896,1,49.68955185000489
H_111,567.5417330366129,10.09982573264973,1005.0391710062249,0,91.69420482009158
H_112,2796.123191793462,10.07179266701804,960.5620980950653,4,77.62904775159478
H_113,2443.549100736809,24.16384903020361,2734.974275019676,3,13.050126411718422
H_114,1936.870893880228,26.682297067876643,2135.7313808124045,0,56.54199676077424
H_115,2627.2357115443815,26.103879352701505,880.2607080556822,0,44.22522765195591
H_116,2430.649023007432,4.116907682898969,1600.8085459208723,4,79.72110725787628
H_117,641.0531707695039,39.48573881836712,2038.245062674505,3,72.42325476119493
H_118,2688.4210956209354,11.952001916491772,708.6602124734582,0,69.0405721911072
H_119,1664.0925015553871,5.828171457726188,2706.040921018347,0,34.05448354798969
H_120,2441.5764499757815,39.99366359410397,2509.008838603838,3,80.49637303992544
H_121,2698.6647697781304,43.0043174203389,1763.0169339415957,2,5.239129559486122
H_122,1022.2100774184053,38.795742776945275,2917.816538147926,0,15.962490143216723
H_123,419.1505811302626,36.42822336261951,1544.4024481877493,1,33.56232729779117
H_124,761.0119713716309,29.48588912875598,2960.2757975912446,3,7.6807441069281275
H_125,1338.6125870161434,24.78858167741127,2169.7999970090677,0,23.49942775346916
H_126,2472.24282117523,3.9144041960134563,2086.6781831348535,4,83.01509829979182
H_127,2596.118691443396,18.380394588181442,914.8872382394625,1,94.82515377900793
H_128,120.16117854045304,16.77098326555413,2704.81939576161,0,30.46023557741905
H_129,1581.1671774749407,11.688920269214679,1568.7242198015379,1,26.451580398883824
H_130,1310.4919091314591,32.553905115986325,905.5835144561984,1,27.98926522464269
H_131,744.1126503651177,22.314408078544687,531.5187999393976,2,27.771908735084384
H_132,447.6095652676801,3.647079715844157,1899.3892090959564,1,3.593018218597299
H_133,1079.083997070521,9.90824408774151,1818.4990553066907,2,92.69163463311081
H_134,2834.4381413463057,30.746644364681817,2298.3840559228966,3,21.36981415703284
H_135,1037.2885028601902,3.4258886770635084,2725.6451325445055,2,42.0004074081405
H_136,1604.4928030557617,38.30431113219459,698.5164616075738,4,0.9686882740967739
H_137,2138.754980796016,22.281593715628844,2328.7412258509057,0,85.79550909150572
H_138,1154.5258468999525,21.62639597969916,968.5298602439556,3,73.11573444549173
H_139,2918.168039890786,26.65835030967829,2645.44263289291,3,94.67560351737032
H_140,2891.0971553321224,37.110643466631714,2547.65878465414,4,78.1615479196399
H_141,830.1686578935561,15.651414355598687,1851.984387463861,2,31.370651205206524
H_142,1542.020667087918,30.51072686515786,2275.6069965582788,0,24.787335872842363
H_143,972.547098468632,25.4579383798106,1285.875282959371,2,69.7716307553293
H_144,926.0374336946561,12.016272157623959,1677.9197473320366,1,36.411277501049945
H_145,206.97214732814513,39.53834938598211,2554.0922442761794,2,56.621501575261654
H_146,1867.7365685417008,35.884170972311765,1648.1629929330347,3,0.6257471026470229
H_147,1557.7691673636982,29.630332559629146,1394.4956633136044,0,6.188570168047525
H_148,249.2883786249691,38.276177809240885,1735.5311181257498,2,53.53679411816512
H_149,908.0747462861732,39.02823904319111,2570.6231310930457,0,56.60716464481651
H_150,2733.9710693032957,31.876333952176566,1338.0201184271818,0,75.14529444593437
H_151,794.7294829342201,37.66559977636524,934.4039828393595,1,13.196531962396174
H_152,520.195129064547,31.386215775117766,2280.035050826952,1,51.31830837567788
H_153,1519.4130048049328,30.60633472921352,2564.9455317702045,3,19.44476444316886
H_154,2958.386316920742,27.837512019683295,751.5936963088334,4,9.319611956269469
H_155,801.9602873833512,33.872248780093855,1099.685281889862,0,41.04957940605546
H_156,2049.193087477048,7.137229738188316,854.9299744024847,4,16.333664808905723
H_157,2308.696884453281,39.63918416395178,1369.8535289554166,3,22.17819781923186
H_158,789.1488775779591,39.23295874853544,1625.8774472635316,0,31.755457986950177
H_159,2211.827410974393,1.3161277365551616,2372.0658424082662,0,25.938840074319625
H_160,1166.5710848858344,37.16175377541432,2127.868962204185,4,8.75912974059464
H_161,1933.6869087213804,5.799144036305034,2052.3214186960777,2,8.99162448597023
H_162,1937.2361612065947,15.080348441661386,1380.937366524136,1,19.32494152341682
H_163,1653.7465838167996,33.45787153312235,2603.6188827119,2,5.055918795953895
H_164,361.8403331577841,7.2341953221738695,1678.2179184954114,4,62.645701967692716
H_165,2522.37723720879,36.8085160853578,2947.7623450378865,1,28.732671650890197
H_166,1030.262188418034,37.446038008098384,2085.355345739342,2,27.974596776907102
H_167,640.9036801595772,22.83604801923763,815.6618539112569,1,33.199829423776514
H_168,218.24791050881535,0.2873642272575111,2190.4439051885847,0,66.27962742097216
H_169,1813.5895352459013,12.916715992871076,1312.7600385792475,2,87.06338814834905
H_170,2064.9366493426187,27.7617113269084,2215.817991715244,1,75.90869325556385
H_171,148.10470389078284,44.153378011234054,674.1028704060143,1,72.75292302250949
H_172,1585.0698690679149,28.431608715750077,937.2035929398985,1,48.43911856008493
H_173,756.83774807402,11.691161147887192,2639.3431472644656,2,69.38055569674117
H_174,1971.0010921874045,28.53025663948251,1067.948892558787,3,55.276236803358316
H_175,605.6626441144751,24.299342087213496,2592.6028131073504,2,21.62505281865289
H_176,2103.7194404971515,35.093042781801465,1198.1902211360261,4,20.85883677410507
H_177,1221.5325042715585,4.814128747213128,2107.204775146769,2,29.639200687528344
H_178,2816.51696733653,34.24625561259126,2235.3764337745774,1,91.08026709698133
H_179,498.81073802338045,24.356996040424963,1781.6368828626323,0,54.74148403797259
H_180,1089.0924180457496,43.33464017365476,1263.2766917418282,2,73.39053770018694
H_181,429.0732115977083,15.384247471740874,1031.6109409277403,2,34.65587598165476
H_182,2781.611493007832,28.467985191027665,582.9733864060655,1,40.771577066522525
H_183,2644.284124804845,41.94126474795078,1259.8660031018094,0,12.556557863725137
H_184,848.0307203739512,4.612937759580566,2132.9069763282077,0,17.129495782167037
H_185,2013.9537334991192,42.1752819256403,2845.762046121207,4,82.73565548261456
H_186,2469.944380583526,30.9548575035366,2678.01120565763,2,58.483863168888206
H_187,1710.0823536384407,3.0526676597327356,2415.1619413382564,0,33.75324658838189
H_188,1635.9866772324187,13.543360512606732,2471.1183581332466,0,80.2851208995546
H_189,801.3716436113099,31.86774398903767,2162.462258689988,3,24.6519905637983
H_190,369.9980266371077,3.0307770660947266,1150.7171439150075,3,97.60326986002038
H_191,2701.925698064648,26.197670707932296,2767.9875767645744,0,34.48176077461697
H_192,2711.2123657736583,15.564737562883053,2176.830779764585,4,33.73109541512276
H_193,1935.994226092477,27.94119829953647,1901.1015774511,0,31.191190553670523
H_194,1083.186394041232,2.0583915215630784,777.4736730337027,1,12.211151592428793
H_195,1112.7077663767166,39.219156276856936,1617.6388595160636,2,11.113714733201242
H_196,2205.2714687236944,43.80700361298286,1650.8956780048156,4,64.81050345341234
H_197,2701.6197538624738,43.59950348785612,2661.409023806675,1,87.5118044558047
H_198,2672.5506303688403,33.734332428431614,1866.6205504694713,4,79.05205102716735
H_199,2361.6390829871093,5.853880805878439,1451.001372426024,1,14.110759402135109
H_200,1961.8917738474345,34.12184381680601,2942.0008212766484,2,54.55821217920664
H_201,344.00589848564164,1.106411240646068,776.8014833157893,2,10.559154597664
H_202,568.72327087438,0.9955598188048764,1556.3710707798616,3,4.5294643613077445
H_203,2705.80714672853,14.562459861729357,605.0616879285133,1,65.63858593847672
H_204,1858.6442730128108,21.988943568209958,2349.7603019173257,3,53.515233368035034
H_205,126.67144968822598,34.66833380135069,2795.1913804978767,1,8.202368521147086
H_206,394.2674743114931,30.748291947292735,1200.0933238762236,3,3.4939246405988444
H_207,2024.1551304133618,20.065621786953674,2645.854191997802,2,98.97564134093346
H_208,114.67859315403419,12.313199982674965,1230.5455761547444,4,3.0021332149071878
H_209,566.3433491107461,44.870602507097004,2776.925404109788,3,44.45282530501596
H_210,1691.3279891630998,19.178158600618783,2384.90475899196,1,50.46190246076956
H_211,2106.4960733088105,20.312416094835395,2512.2669421035966,1,11.728014780044504
H_212,1990.6876525575415,7.363071953625113,545.0163890011363,2,16.906177843971626
H_213,750.3809974356234,35.76642969374682,2907.0258926850647,1,35.18050064103525
H_214,2165.319741907854,31.21570016016699,2316.6774801758083,0,76.16758762136627
H_215,788.0223537407202,9.934632575494218,1261.8777384653333,4,50.70824240602667
H_216,1043.6591246618764,3.707147052712921,2573.4866621471174,3,63.790187455296156
H_217,2264.82507484227,30.62246859336209,1203.8029960373249,4,98.51745550906747
H_218,1983.9354072369226,29.453004642651084,2681.8845989153197,2,76.80054353132097
H_219,2562.747890433116,12.29667871491942,781.4509760298425,3,43.43614981412177
H_220,2007.0773876709957,42.788860301268464,2259.2149436519894,3,44.64419217965487
H_221,1748.0949496728676,6.797605130140511,1851.7461916122759,0,61.8772077041005
H_222,371.65682670146816,19.455066046917086,741.3361754886021,2,66.53652084189044
H_223,1166.3758288723573,42.46271640754195,1104.7345706470974,1,50.07109258366713
H_224,869.0868662770038,18.887729261675503,531.010090693287,0,64.486122281498
H_225,807.5699657993424,28.733667644883848,1671.9199136612647,0,2.353249441409877
H_226,2921.730608782092,17.891747908325744,1253.163151900001,4,42.962286389684415
H_227,1239.9834015336053,12.339684105690152,1995.8937107443971,4,27.893807607347675
H_228,2686.9350100136285,44.27899415819227,1243.094519271543,4,12.917444524311039
H_229,1930.3020153920625,18.420030284176935,1249.7977787674618,0,9.954651280877513
H_230,2404.9527802707803,40.23446416556105,2357.9829968290087,1,60.319216561466746
H_231,1557.647570005057,10.347957265098879,620.3570899458837,3,52.36005471526117
H_232,1773.0212654164413,9.58971168112875,2757.237487979968,4,25.358411699636918
H_233,1528.3013120747053,1.4010337298030113,2630.659685977954,1,47.09500587725145
H_234,666.2046646143291,29.325007141914828,2169.5117080660166,2,49.22323151824083
H_235,2195.1111342583654,16.58368546756925,1983.0539252684607,4,19.500898043861582
H_236,914.2398510784818,38.896121242783664,2730.7562453491305,3,65.20930618816506
H_237,170.51630265121614,21.294445801120073,963.325448821786,2,78.09193563860904
H_238,1971.8696581307868,43.568704256162476,697.4229054770715,2,79.1463540889519
H_239,613.620970280442,8.348648206640451,1098.7754247738453,3,60.24698307034551
H_240,2827.3298946234513,39.088042558002485,2486.4456967504757,4,51.16385825190141
H_241,2866.3928733075036,34.94685837562838,586.6756668162083,0,6.100714300539489
H_242,2753.1067316393005,34.69148300898234,1957.0170877087241,3,28.783129885160584
H_243,1173.4602307407888,38.01524526525994,2988.593790478275,3,9.327144677816989
H_244,144.82418793371554,34.24607959243495,2639.2402345938485,3,96.38231608784736
H_245,2792.123831504404,28.179914473413692,1803.6142226089737,2,13.50801462257607
H_246,1341.7340301202116,5.906019495707441,659.1022732166059,1,15.177540985110205
H_247,2903.2989752266417,1.4636780771063362,2578.4337859642746,0,88.95766183304922
H_248,2894.497933558833,41.43815315170591,1997.4462704430264,4,94.39282834764579
H_249,2573.727420855344,27.749264153433213,787.3324926489171,4,76.58290392349099
H_250,953.9017870017985,35.84417809392794,734.6432120583905,1,0.540492367266987
H_251,1216.7834129455832,21.66850581806475,2774.067048591481,3,0.13462709565637
H_252,2568.296347398885,5.278868503307751,2173.000657345196,0,37.81007697874508
H_253,1019.0738149532052,5.63336064911477,2573.216998291889,4,14.339537001089253
H_254,591.5289653896682,30.850437925303712,2697.4472507056685,4,1.8386142151597284
H_255,1714.7236611292155,19.36376527047582,1929.4308801208056,3,46.406668940450466
H_256,2814.848845066265,9.023612701515152,1793.6158793876032,1,94.30618974069715
H_257,2118.486410357422,22.12175460336466,1576.0685258024755,0,32.38195749024314
H_258,1753.1773932591584,2.889402168381034,1292.366469477798,1,66.11406784286964
H_259,381.8118319352287,26.188713086147946,1586.4899021467795,1,65.22353531324407
H_260,1883.5209574275923,12.104703199579395,2434.699139325391,0,25.108010366516776
H_261,2971.1561653023637,35.890159528673465,2004.808577537829,0,65.04252488238643
H_262,506.24364418591966,13.96628815156082,2731.308224887115,4,21.233397428689127
H_263,1603.1559918548364,20.484906708681052,1608.4500359479694,4,12.200741357688905
H_264,2644.381908591071,0.5229242958645286,2017.723946796885,0,70.13832855596901
H_265,2248.228991487193,3.2601099507551496,2078.2688827299717,2,11.344081710391674
H_266,2121.345648886277,17.662210038300817,1979.2429057658137,4,99.69092185893554
H_267,2137.203843562617,21.597247562270557,2256.584432713791,2,18.345240115022932
H_268,1142.52433853729,27.000924665368668,1093.5836709370155,0,59.414186275645754
H_269,951.4163483670308,13.124816041918645,1780.9094438644765,4,41.137457141258935
H_270,2447.1473508876893,31.274184875694413,760.5620070208693,1,12.63864224056671
H_271,2449.3288445696244,38.70550787351421,1461.2783191120313,0,2.7843907577413396
H_272,2614.509723882301,35.09329450020074,1719.167671553161,3,62.273228229283326
H_273,2748.397602413767,1.7828471406760715,2130.5606488636813,2,80.67575637891261
H_274,1582.8929566967197,21.622812626602304,2876.3276314655086,0,84.2015661506744
H_275,1554.3972545928789,4.721858028817869,2001.6276663708898,0,48.271347307693446
H_276,2415.056019003648,10.892025713813736,2358.9847904413996,4,77.74554671823856
H_277,1984.895399255519,44.39981669702159,1765.6651487380068,4,67.28471334885448
H_278,2135.70394404734,6.412299430568095,2085.2600784408282,4,72.42545274991332
H_279,2407.798741364693,22.449966905311022,677.3305403344336,3,49.25990052218141
H_280,2681.015491270942,27.817008044315358,1135.9789521046175,4,63.34117402421271
H_281,1080.1859548694538,31.610923674484678,1404.6327330128468,0,80.55259135760569
H_282,1189.1905626558375,25.184190756911136,1681.233387516284,4,39.7884175557023
H_283,372.5476255385201,0.43968813386326466,614.1218637559593,1,80.59789008675837
H_284,1777.0124088889045,14.690758870979636,850.0602438832942,4,59.201684278906285
H_285,204.23259401055205,23.297023952312014,1192.0357694782645,3,16.590102437078624
H_286,1450.2342525841345,3.953992461517501,2928.8317272526265,1,2.4684157224584613
H_287,1673.6694406519723,15.778211904413133,1328.367517757627,0,36.275360039915206
H_288,930.9696311720248,1.4941398956114953,1705.1026452802064,0,54.66963282963398
H_289,1813.4164556501312,3.5360323719759332,990.2442818459824,2,83.98203522034883
H_290,188.45072482324335,17.861547429071823,2026.9501776894206,1,12.74856801402462
H_291,208.3097473727218,5.972208931937716,1201.708038789936,2,80.02063476835791
H_292,2485.541625913009,25.539338171770115,1017.481446096067,1,86.3009046067227
H_293,1144.5528600926623,31.025923611176957,1791.4315711149477,1,15.068748700083379
H_294,468.47548669046586,36.026401459908726,513.7644979010521,3,85.1594319304219
H_295,1614.5054541589327,9.006760991016455,519.1600816230633,2,99.1453567842792
H_296,2332.9813039859714,7.536716201658139,1047.6720227546443,3,72.68388310482375
H_297,725.8809797408452,4.705552815048011,591.8034062520528,1,78.4769681824988
H_298,1906.3823798751007,28.639361229463653,770.0643853267284,0,99.44152675588734
H_299,347.50764848192716,31.791407691910553,1347.151623346879,1,60.548125052594536
H_300,249.87699138896232,1.4213765171538917,2506.464198949532,3,30.78863820162494
H_301,1640.928431547629,42.12955108096604,1930.1216084232522,2,83.75308340760557
H_302,1667.841852669309,2.3387077643162586,1781.669314891041,2,61.44857775116313
H_303,1948.546714344799,24.35833508854817,1233.722058020304,3,58.11954237209566
H_304,2205.6648677957187,31.907723375291237,2829.384298582041,2,25.363555551403827
H_305,2929.97103044135,39.19361056857385,1492.5376030929792,4,75.63342695828867
H_306,1597.2710100734664,32.13391194595925,717.7319169894288,0,8.166727586009625
H_307,1036.5737715296132,36.07776373814063,2042.6662902945031,0,92.42870707946612
H_308,2406.0399648292405,15.275258664426273,784.5959836915035,0,32.58234607704848
H_309,885.4135286600152,36.66713011859305,1363.0578570042303,2,12.777465278999045
H_310,1373.0171200463446,3.6051680873103815,1768.5298467945222,2,44.23665331024188
H_311,327.5235058925713,40.26674952272374,2685.5563117129395,1,4.246990925653316
H_312,173.51715590482678,24.64165692691813,1733.8664508502966,1,68.46261942649663
H_313,2891.6804025659826,36.77839964831222,2255.646915079161,0,90.27055104453562
H_314,2524.342349485397,20.354322803323505,2982.042097497676,4,83.72630071385088
H_315,2118.325197671724,28.960996283843624,828.722799744954,1,12.736947344788108
H_316,1285.9635388013826,23.688119742125096,1186.8288137987988,1,12.627113710773186
H_317,602.5535282054527,32.921528478989934,1486.440188994116,2,81.34344823242641
H_318,553.6674237461496,3.673349191376531,1554.5704463470784,4,92.4254274603116
H_319,825.7044046773265,2.715843779575371,1527.5526881638643,0,46.066982983348915
H_320,1692.7573276477494,11.11964553045659,2769.0275063913873,1,49.897111691376594
H_321,2172.328175830181,7.179510605093475,2285.081611167141,4,31.82620413857259
H_322,2014.5723924814206,39.23026049664907,2019.7630352267595,4,89.4265118256414
H_323,911.8083011432342,9.864629431111995,1273.4317946569552,0,64.4902905292356
H_324,2869.109313923263,43.91393651186091,2559.4759605532367,4,28.82515771673685
H_325,2239.9010584177286,15.160310629699808,2887.6512787124725,4,29.878287105425162
H_326,1707.626752283062,8.195306205991468,2552.9957063755664,4,89.12000730636024
H_327,1873.9901640796215,35.53643282141156,503.9127629786823,1,1.3634023905821469
H_328,1316.8401810405908,29.641849897539426,2091.0034254585175,0,32.27265727266384
H_329,818.4198695533566,22.418807240391253,627.8384536052519,4,55.43566812163691
H_330,1132.3207680886585,24.991359792193407,1144.0180508343046,4,14.821746209932464
H_331,2297.7537203466704,32.36408002225187,648.8117508694293,1,9.20987541995898
H_332,141.74111702629202,10.280463359908442,2009.4886323734693,0,81.527633109056
H_333,436.6106574700571,44.83502622255339,2216.474783731517,2,89.44043886485072
H_334,233.40766186308298,43.86569229660524,786.2190951647628,1,82.36064207981894
H_335,218.1135267250134,29.26465588561216,1459.5972076124488,0,89.87878897373477
H_336,2580.835693631921,8.979410291811531,1640.591272388855,4,55.31119710583715
H_337,2140.6077922020686,30.610270909408108,1422.6325544022916,0,81.22581209903419
H_338,1475.104104353243,3.248928404062913,802.5625012129826,0,38.404263839110044
H_339,383.71906588790426,1.379362599261273,1547.3694754686885,0,66.62678614790384
H_340,1525.686037838814,11.595729983004615,2377.9451195210454,2,98.88355313891644
H_341,1473.0681352636404,20.818033053269232,677.5191613331386,0,22.572772383912742
H_342,602.285422739044,39.072262743377124,700.4500352047586,2,38.98997462910806
H_343,1358.1697827901219,32.72260813948386,1386.9282295899607,4,48.00473773100856
H_344,1255.663729752383,33.42179345399914,2854.3142790473125,2,13.801548702005173
H_345,1885.9652843514277,19.14720005016339,2171.431616807285,4,8.103861046505678
H_346,1941.771587516167,15.567074664613331,2196.674891681412,4,82.97228663216244
H_347,231.3816283389291,16.696744334307123,1404.7999770946624,2,97.67943728275861
H_348,1186.3765824167665,44.444230368122604,1984.1519780213462,1,40.47250638296587
H_349,1914.9937555712854,1.8049136135617116,525.3279600693585,3,8.764983619465328
H_350,1559.0951498822544,39.01641732551018,2090.2401160238555,0,6.581176069057648
H_351,2583.8205394461347,26.040393385757703,2783.2173689405918,3,89.13182063602987
H_352,2010.2115316949405,19.73769386353157,2031.4336708620478,0,46.381424972767995
H_353,572.5098385361462,32.636594718681145,2684.246483665863,0,32.00273165623919
H_354,304.6493674612466,21.90010236411163,2309.9326386652347,4,47.646127123939955
H_355,1963.0159067983152,39.304045713674725,801.3960410092257,0,31.830409469234734
H_356,176.88280057070324,40.53158388050663,2756.1332682146044,0,48.903577530762
H_357,1798.7491856930435,18.977441709305495,666.1096108894372,2,85.95563969179368
H_358,2826.667700132377,12.457250875577321,1834.9186813694093,3,59.23013710620957
H_359,1768.875115840049,26.6557647867013,855.3428094836441,2,69.46537728101754
H_360,1225.6927859989135,41.05635055275109,529.2665268272601,0,36.46706762343366
H_361,1965.5358334828243,9.479798505254996,1555.0856503190976,4,73.85058785105187
H_362,1428.9333824253981,28.033496260356724,1237.6017691353904,2,66.66170848793723
H_363,1682.2886890162113,28.420209904163425,1715.0012344940076,2,11.956199775205645
H_364,2830.247945451923,32.99008600868764,1942.999716836377,1,57.26428531155846
H_365,1219.6976496222453,5.920545830726692,609.3476807723684,0,25.6743496309758
H_366,2887.452635089351,32.212123410693984,807.5082378093641,4,80.40956696335928
H_367,2725.516861672585,40.906463429953845,1896.6059911260634,2,42.59377084669394
H_368,667.7942908889597,8.085739899160888,1357.9183829316457,2,99.46841651964871
H_369,301.1477725379798,10.689449621574493,2322.93371887362,4,9.250043793896378
H_370,392.2562039945373,43.71277923187378,2130.7291214798493,0,78.03478627401586
H_371,152.84329438949422,8.14396287192704,2614.010907474767,1,67.37017335421565
H_372,373.88458619219233,38.447329201631064,2231.232066673063,2,76.74988305907054
H_373,2080.7196429074347,22.152503540161565,1574.8276934753703,1,30.752979549045634
H_374,306.44708053466405,11.125398348142967,2182.416555986081,3,49.20544893824006
H_375,1025.0293278519077,39.183745557263016,1188.4529356385465,0,79.65085197237084
H_376,2550.138401811418,20.038736475119947,1265.7837469455317,3,23.2541331620855
H_377,167.488613633895,23.166780926836058,2472.4628998019834,3,22.60331967886521
H_378,2461.9585995079137,16.165501622989456,1616.0487910039553,3,55.10509532949324
H_379,917.3788468428598,26.682788314571734,2495.950851295881,0,52.356357952985576
H_380,442.67800010280314,7.358574266326024,2556.055934170696,0,28.226247041293284
H_381,2120.537779556037,17.598669149329233,2643.9058441532093,4,29.807565052482275
H_382,1923.9342556616637,43.62355450508794,2791.5880896030185,1,27.78451632065655
H_383,2644.6688392284536,11.61600447155074,1577.4630512832407,1,77.15120619984876
H_384,2231.7060270312686,29.55314990435815,1297.167045802847,4,65.19008655624606
H_385,2430.094698116061,14.63355289011127,1955.4968664852847,4,83.24171834102528
H_386,917.9002604567888,34.80629065589703,1427.9310585940689,3,97.54730283140218
H_387,614.5746769611961,5.889314732325742,2002.6854170005824,4,47.41642962719864
H_388,2276.782779758489,43.64194702853451,2263.9646566095616,2,6.669388140544886
H_389,2439.8207438750655,20.420529362263768,2221.012546230342,1,4.809231041203543
H_390,2972.4649118019524,10.622270850590878,1436.3822175503033,4,29.566503927161914
H_391,1296.5912630431367,3.3073536298505695,917.1505042468821,2,93.25445893524508
H_392,1178.8524487990712,7.639105728939334,1576.3233461555187,2,52.32130549708749
H_393,2351.597586151791,23.389827685020794,856.4853602047718,2,27.178651608012917
H_394,1088.3302667337516,15.165142939407884,2725.2425879595207,2,39.916679451101956
H_395,2799.1962442503377,37.299751464717424,1364.6936518446437,3,59.85951074046708
H_396,2589.3969803447344,19.389938564781268,886.1493680583094,2,65.29496581378422
H_397,1344.0826793875533,11.192142266443346,563.6193997643772,3,15.391950978290502
H_398,2277.5260965953426,27.771524397181352,2114.5559657162107,3,97.7031676545176
H_399,2288.174334845579,31.804974759845063,2092.255793636858,2,54.47722269827888
H_400,399.05921962420456,7.516885855542744,1351.510416453229,1,13.56883177922793
H_401,2717.403429370743,7.542864732974294,679.2797221191275,2,89.36352533461337
H_402,1565.2318800987857,1.6502142120094336,1524.07223723808,2,7.46384310794288
H_403,2496.726651712451,33.13809067795383,1278.043737658484,2,90.77354331775128
H_404,1028.143842988774,29.87120374298123,2192.8015993375234,1,99.65656562889824
H_405,2697.0173626389815,21.358389408741626,2014.4481236317258,0,70.04317991565038
H_406,1228.684868329073,37.987670203613874,1411.48432049385,0,77.04472210739898
H_407,131.42918929286526,36.255156882752395,1044.7313856374753,3,33.73028364674864
H_408,2725.6077316158644,26.34094639785385,2970.0899153889795,3,94.15768527339338
H_409,364.7313626797873,39.07220762309664,1635.0040529902872,1,52.97139661083676
H_410,1026.009549012203,9.26285445165457,2220.6855894505925,4,73.23884465975549
H_411,2855.179704447334,5.036382872897755,851.3824189459019,0,92.41077159112795
H_412,2856.7607261189128,12.138732518264533,1713.9742491484944,3,97.51799759755083
H_413,1762.9698755575298,2.5689085240191685,568.8417996736637,0,83.32043565966744
H_414,1932.3279152924179,23.90262876004644,1763.6377947761248,1,30.301750698203
H_415,1400.4920137371273,42.14725615327327,2910.043517794256,1,96.65475165520824
H_416,950.3112379243871,1.770459330082934,1460.5167824645005,4,62.81195312435718
H_417,1053.1271815727564,5.494946130451206,597.490031437279,4,93.06424763519598
H_418,2050.3035226234115,20.348956272754588,577.3894772983588,1,67.61050258143518
H_419,2281.886135369272,42.02437578875572,1469.9668998671737,3,30.723896184772048
H_420,2395.579226804961,14.227024723953773,900.0623411579851,0,37.00245241428159
H_421,2389.892614104206,22.82556639097766,558.3802408204648,2,55.04717771029405
H_422,364.49769884120207,1.8707786572676444,2390.534034875442,4,79.0014841559882
H_423,1533.8188836374864,6.675444043293998,1646.3075222047266,2,31.798255134033493
H_424,266.92040404826844,44.39835553314811,1223.1119299316363,3,57.97311661341921
H_425,1693.633758738833,43.430341339622046,2750.2079575412017,4,34.56249935764015
H_426,1380.4384539827934,0.2222991420484327,790.347400501314,2,81.57694046351071
H_427,2674.342129999069,42.83153034404575,2889.797072388298,3,46.672809376795044
H_428,1117.6535364010283,28.760397201697515,1284.9167934433822,0,7.672282685288523
H_429,439.494347640057,39.056323253401,2721.009180771703,3,16.60525214815364
H_430,514.675877953224,20.46329350352366,2007.357191198654,4,6.110466761963229
H_431,2308.3808319806694,23.20182128606626,2566.7683993537185,1,49.93029460143252
H_432,1892.8323836171571,21.99809611156141,2960.032908026161,0,10.633729734822717
H_433,393.2557607560917,30.008891589574695,1221.0135945468642,2,11.413996930963211
H_434,343.90973773349253,6.28430646403408,2902.8387135189823,4,94.1048260038377
H_435,2132.8104812314477,1.3488115442705078,1473.704737256051,1,87.26550721760555
H_436,311.0127184561612,13.85684737160359,1463.7797618423058,3,45.208659681136595
H_437,2483.394171942033,31.7106343231491,1350.9677606362643,1,98.58053208502058
H_438,2148.102458753839,9.083405345532677,1853.519018368963,4,0.01865281706631139
H_439,335.91146386150933,30.30445949962128,885.3626079462177,4,61.39794562733938
H_440,346.02937084705655,43.64604207482717,1884.278713395028,1,61.642817737187
H_441,2961.254777653409,4.225532210523827,1854.26203102501,3,45.74430558698882
H_442,1185.385307692749,30.267095320130682,2404.754531512175,1,39.69479729342928
H_443,1174.8622264939836,19.968759868705703,2584.124904843964,4,45.53831354806076
H_444,2457.1187450467573,39.06640144698774,1601.10337578106,4,41.49604360796805
H_445,2847.02087441319,7.971740525132366,1255.8331233787344,2,73.04924774822994
H_446,2959.4030850863255,31.168167850177404,1148.3372432927363,2,13.535543497328407
H_447,2284.7967372509306,37.71518803416496,986.5595917621798,0,19.763922059113014
H_448,1191.1527980396556,42.50763987633105,644.1189554975622,4,18.05182283924236
H_449,342.1520784261394,30.746161273034062,1356.1199470867832,2,26.247058512126454
H_450,2353.726056189567,22.37286438037923,1175.6192303269581,1,52.52584187815833
H_451,1719.3723242338347,27.803125809054624,2916.0434646660183,3,11.120874733821873
H_452,1330.2438268162311,39.10072430154232,1894.2720656251097,1,86.8169295326504
H_453,2728.4277167747346,25.677438598747337,1368.1925975762688,3,29.73615313084723
H_454,422.4726986878389,1.3674176863576588,1951.1690024842399,2,16.253798746870785
H_455,1528.6128024434915,41.892691297814004,847.9917533642388,0,67.56213095982433
H_456,132.9255698255153,31.028703796420253,1610.1093730055072,1,3.808630059931928
H_457,1459.1158617829662,30.443102359976095,2065.58580355266,1,61.996856487416416
H_458,263.27949947732833,9.705381857897272,1722.2445794811285,1,69.81984306764998
H_459,444.5719571774086,29.649846160469576,1504.4470016358105,3,21.491653138671918
H_460,440.8261156536042,17.72389825443713,2984.6209722492454,2,4.196407344363429
H_461,1982.7098761365844,29.305483966867143,2700.7869053723175,1,36.36453589194496
H_462,2263.5301498697277,4.796686363859583,2058.5148953986,1,9.859423024193648
H_463,1791.7694187817629,29.603038707136623,1923.443402955707,0,11.647784967333708
H_464,2890.3003905761716,44.973617659679995,2051.65119956146,0,25.426123144486457
H_465,1187.1246806187419,2.1695417487250213,1003.2802695560831,2,29.54679246267593
H_466,928.5650502173961,43.97283828995928,1487.8443581607967,2,52.99703410214206
H_467,2618.9374717494347,18.310858232529178,598.6488322272482,4,67.83918855030132
H_468,748.4279317064127,39.18390526517666,1688.8650937170667,0,59.277094087018476
H_469,2893.345364377773,35.2073467826223,1857.561459894158,4,14.83603372895168
H_470,135.24797660046738,25.51573174440005,1069.374340258024,3,17.208603245262644
H_471,2912.6485974521534,33.23021441630969,2910.0721179137845,4,87.87692497929145
H_472,225.16374465667073,39.533200258560655,2773.636527343105,1,55.83523150641136
H_473,2684.315029724406,18.186314474296484,2305.358088639765,4,86.9937832897689
H_474,1630.3332163502696,14.716492270345741,1833.4665719134064,2,37.154651131987436
H_475,2979.597908745971,30.041702350361312,2674.922899119212,3,61.44000074313239
H_476,314.0100377326567,36.35306738735664,826.6308595586572,1,52.36634160546107
H_477,1706.1774247638302,34.30283106494771,2476.2744856872123,4,31.912348982046257
H_478,2910.977353295387,35.901614198638555,812.0520349171207,3,46.991537203359535
H_479,1616.9837480934316,19.601249166581987,2485.5266563735136,3,50.24908768269321
H_480,1925.2560505922613,36.802539727875974,1189.4189206283922,1,20.07709747566786
H_481,2117.67119805539,5.4094074916773796,2692.7264525454725,4,31.501037237673156
H_482,1418.1690878265424,24.50200940823823,2860.1052345634944,3,79.14097505069756
H_483,1919.918432243784,0.2591397224154707,871.9899235127891,3,91.57882394541271
H_484,1794.5115045769908,14.606362345512164,1656.6890126634837,0,35.97940935452995
H_485,2713.358230423868,16.490769069212906,2952.468445406713,3,30.697228220901817
H_486,231.7945029902278,17.827771122416493,1708.5185899328665,0,19.519716457188252
H_487,914.7932498174679,31.296024301043797,2658.868806286363,4,67.84911686505812
H_488,2856.1933038220204,17.48511455716556,1971.8288053282997,4,32.309970166633725
H_489,2681.764973283657,20.19121301801388,1438.3247697990046,4,98.77495390991885
H_490,1421.4045830785676,10.689485889344736,1214.4588888146754,2,32.56848020639532
H_491,1898.3845336244565,16.796330623320305,1008.0577277152181,4,39.413604678262814
H_492,904.4054306452848,10.227133226841817,2404.495478444243,3,60.333419621203475
H_493,645.5513631989078,3.2938165695799637,1466.3512670575697,1,80.1684293191305
H_494,1444.7253743259482,27.155186702162005,1778.188655501878,0,46.95186653456337
H_495,1124.721461275553,30.06957593497573,1730.8137000029549,2,42.26560337889583
H_496,1792.602724367529,27.877065570432652,1943.197573082828,4,99.56378335948082
H_497,325.430447198456,20.857231971025755,2663.9428640613805,4,1.0493641139944443
H_498,2925.7449422318828,17.09036010806534,2951.8483589585735,1,89.50652888512458
H_499,2960.0111589908483,38.850014230732135,1518.9605214345424,1,14.914082593973744
H_500,2124.6689706572606,23.35868033112981,2568.7973052657576,2,78.59252762089135
H_501,1654.6794623979492,21.563184493337893,2411.319486636794,0,61.7931559846298
H_502,997.6300872303505,1.153892961289606,1933.822378638933,4,34.18472854980921
H_503,2460.005557150151,15.356152243177036,2890.1178590298327,2,87.38749555210184
H_504,2085.7204004062496,17.108802845363567,1001.1862888210069,3,1.2907227980991975
H_505,571.5891241001848,17.947025140360523,773.1605257740536,3,22.669065207492366
H_506,2741.6888350321433,26.107756615229953,2634.9049173885555,2,56.689279624953606
H_507,2485.35800447719,24.01211460270953,1597.8745415843707,4,35.1542260049698
H_508,2854.4197485465797,27.355729175705008,2617.422135517651,2,61.037749531832766
H_509,2204.586574326244,34.41974676939577,2732.7255129885375,4,2.4110193408666825
H_510,1878.9040682137907,36.584358242224205,656.1439840476786,1,11.645893048171253
H_511,1312.9048052427947,32.31553843019225,2708.6619074651517,2,12.709624021843924
H_512,2804.9126017266385,42.99856631797206,1620.7976384235556,4,18.928364591600943
H_513,2611.585279551184,0.8204662204362734,1776.0812225105806,2,45.93314408005428
H_514,231.13414330794927,8.810009355759574,2066.4812777330253,2,75.21286995435712
H_515,176.46422604203082,0.3403293740163954,2815.956516825217,4,90.5538837928901
H_516,1191.7437639463437,29.136362136957136,547.7902360744101,4,83.5372530284246
H_517,2450.6046592673156,40.41137470274941,1692.1086707945428,0,19.688787177568358
H_518,2963.100775013339,10.956703345933468,2219.305106076402,2,44.11505522306324
H_519,536.2089842002317,41.7165545158338,2306.7673942455713,3,19.9411597758535
H_520,1822.979074521192,2.712032563030238,2231.33107884277,2,26.44718166671908
H_521,1204.5834842299623,42.04962120624814,836.0878235203047,2,50.354698151188614
H_522,2912.751753662349,15.823020925783549,1248.488970929203,4,6.810902472352254
H_523,2542.1448770935554,4.563937280214743,1396.7888135425337,2,21.81743295932732
H_524,2531.1532436622997,21.864229163384653,2511.0930191987627,2,93.53781613071173
H_525,1459.2101634054138,11.554945547422857,1196.8996810363824,3,46.6116292658489
H_526,1302.976556779229,12.819280588286528,1026.7624096680079,4,44.53865259778722
H_527,892.8805085990481,13.828048421682896,2893.6200475952405,2,1.45671547512789
H_528,263.4889402876886,36.13616540246986,522.1582127836723,1,24.739974705834577
H_529,2607.6948911396544,24.262257450386453,2994.5521392049454,0,86.62924359821812
H_530,2457.412926477225,14.008846462020164,2192.053247143489,3,16.462842825866876
H_531,2999.1812525297787,27.465020248991326,2571.1732486227925,2,41.51249395347211
H_532,2990.2468275143256,32.22678034004371,1236.548490865483,1,1.4330905867001253
H_533,1710.7519462476196,12.268080033009019,535.78819416765,2,47.83354816705558
H_534,2330.0635040234806,18.609709568640817,2344.673796403825,2,2.1021106726217154
H_535,2839.820616659041,5.48487420016264,2585.3614925016896,4,81.96095530657999
H_536,2563.9774329644933,8.151720729060614,2351.190329883798,4,82.48537674871037
H_537,817.3094950552733,30.650303428424227,857.1257182520965,4,78.77421883023699
H_538,1406.5779923992711,8.164725646303213,2383.5698056424226,1,28.33640688911182
H_539,474.56230393933544,23.63235226501771,2422.306955269102,2,83.7237218221818
H_540,2866.747979050295,31.90708177750947,2146.351289175137,0,54.29981326052693
H_541,1857.906439907552,4.809461539263473,2415.2898319889655,3,37.380810886700246
H_542,763.0641359600419,25.529049883300658,2614.80359919433,4,62.5329959704233
H_543,2047.9319847769846,11.545325266561369,2034.0102855936461,4,1.2341046060374006
H_544,1892.571897327898,43.33170938569109,721.5117849241976,2,14.296087760075215
H_545,1138.6718822952375,21.759554102396613,1719.069524168027,2,74.22935381702628
H_546,429.31701737892416,36.26966473988212,694.1233366790127,1,24.4161608716153
H_547,2047.562267219119,24.76019439703178,1518.857577581077,1,59.800911732874965
H_548,1608.8923326210006,1.9535639784668624,1517.7662228140691,4,38.510260282302966
H_549,2339.723336033354,28.491811901731005,665.024610350604,2,85.48057787992614
H_550,1608.4741532247808,42.813150399299566,1372.0513349236983,0,95.24153059966436
H_551,2571.3263509237663,27.072531906584903,777.495246978287,3,88.35647283701904
H_552,1700.529832446008,36.86349867420556,2520.5880250230557,2,27.061999469359666
H_553,1726.7201174526201,39.78929085067835,2869.220064911177,2,19.416286904608228
H_554,2642.2954477092007,10.263589737701961,680.7911881448465,1,47.4434893620735
H_555,1270.1003120159514,9.5420177958702,2887.7880182292533,3,0.7334150836180275
H_556,488.64416250685815,27.494144498294627,1806.4414983418628,4,2.5809392863181735
H_557,183.46976130868302,18.49628114130171,1248.9141948846848,2,55.329063962300005
H_558,2289.898041453495,37.79375862900242,692.1551881904088,4,52.0449404165286
H_559,1898.8976989250475,40.5010405529105,1751.5606701760446,2,99.458198903526
H_560,2141.8313274877482,15.903962068622315,2486.2888612268716,4,20.184183536375812
H_561,717.5960683758411,10.659175153851693,2267.716193166745,3,25.810392916046844
H_562,495.4772792016323,35.123648185973785,625.5650286599345,1,11.35406423262867
H_563,142.1795304368576,12.366271599666124,682.2545884197588,3,91.75430096537447
H_564,1116.703920539131,37.01764433311553,1507.183206581593,0,77.78112444584508
H_565,1810.761291878436,19.068221414194326,1238.2262351198583,1,82.23391114568474
H_566,1237.5077307892236,30.03974546811617,1080.9608076401196,3,90.27637879645087
H_567,1368.6772738688144,4.299089122560068,1202.511247271784,0,52.48999867258382
H_568,2722.0602140318706,28.073669610445787,2508.7068582422116,2,45.11931914507237
H_569,1109.9408543675709,20.32954554317531,2823.070134079635,2,33.03914736656165
H_570,1590.5695185634513,26.397380842896336,1512.756736318916,4,58.92146143478555
H_571,2372.593736949315,7.560639348518854,2765.2775053312425,1,45.42783967898225
H_572,1249.9740687316835,33.15931852248819,1303.739253119705,2,45.15655866055751
H_573,1904.0514306608331,38.825868489445284,1691.092465859479,1,93.69278637311389
H_574,2600.854755365561,9.753291004084904,1065.0724945399993,2,98.40315142791302
H_575,2853.609808607162,4.3071549984072774,2101.19010543961,4,79.64843893295807
H_576,526.5130946942099,1.0637363720851378,2947.452787937022,3,75.67580902469282
H_577,2787.1041129683335,28.88871751994697,2008.7327401084467,4,68.05581617791015
H_578,1527.1372499306608,27.319231623995133,1394.5352102838722,0,16.607485233351373
H_579,848.9087260669792,24.60138357213315,2119.543614976321,2,5.9105820875654524
H_580,1431.4936930909578,10.437619325218893,807.3016961634689,0,69.0726315113263
H_581,2942.0944683278835,17.59076981574816,2721.6477006634964,0,72.8786222256576
H_582,1528.5924725793218,26.751435083377785,1757.7098769495908,1,4.697299109813979
H_583,1053.3796698337737,22.354508648662623,1623.374355099105,2,92.80517502288481
H_584,1936.8624775185046,44.45034840966993,1964.661971133798,0,9.114063944467754
H_585,796.4222944567599,6.13978886505299,2061.959656973506,3,28.59005337712024
H_586,320.0036515151254,31.281504932141722,679.4395155662826,0,67.23898127987044
H_587,473.75119354088275,18.194344564693147,2206.5430530585063,3,16.987259440447634
H_588,471.33293297754005,19.268982671652665,1104.829200788824,1,5.541588844224443
H_589,540.5178111856536,32.29189945461793,2284.8815812664743,0,33.11464891641498
H_590,502.59880068328937,31.159626809596634,2556.336985960492,4,76.59715748551791
H_591,1958.5367599293224,44.60651971659848,2509.896268881301,1,41.367867898526036
H_592,627.45224475752,5.777743025435635,1881.2524185197228,3,65.29729219079393
H_593,1102.4351216392033,4.6849342222874855,1800.4247307768778,1,57.961909722813665
H_594,2700.6863887274344,32.59524677079335,857.1899033485292,0,2.221848202558041
H_595,1474.4887567623298,26.02741126528841,2438.3653760078387,2,98.85399870457067
H_596,2035.917441710979,12.337229995191263,1178.523451116786,2,4.142808881938775
H_597,599.7276264847266,3.5738716045043972,1741.7385570448664,3,96.7802737648485
H_598,657.6381545451452,3.854621231839374,1210.6852323187918,3,54.98641783643981
H_599,218.51898717278868,40.238589359885324,834.5709074992328,2,96.31590270650665
H_600,589.9116829092773,8.634029612343431,2073.894242229341,3,11.475359941383545
H_601,907.91198319268,14.551720295198434,635.8300870572596,1,49.04085191855132
H_602,613.3304044025658,10.199538100214461,2371.6130853155,4,16.950409186605864
H_603,357.23734789546126,15.974833762437179,1293.9669881527916,4,5.097487702244241
H_604,449.84402619174233,3.1240729235742015,500.3367325112133,1,61.75291150623116
H_605,1436.2584272949048,23.357690590872167,1777.8228480930745,4,20.778342096169144
H_606,698.3677833767982,3.042565361649671,617.1297713190078,0,58.76970182875459
H_607,1156.382597039419,36.01604285200627,1190.4238945522488,1,11.236448194898562
H_608,1559.910085479085,10.517043685969487,2267.44121863929,3,33.19864714327028
H_609,2102.1450030251594,24.300536157202977,656.7240540546646,1,78.16325580532471
H_610,214.00520553918693,39.60355894026562,2598.3462308900057,2,43.70515218421877
H_611,2418.2901568362236,29.289481607123736,509.5498066464578,3,62.774541489733636
H_612,1920.9111295236326,23.983100394810087,1117.0596730047555,2,64.7457940745546
H_613,337.1011926517285,14.595018890191902,2352.2601403801787,3,84.37550439872936
H_614,2633.378009909654,14.985086087618907,1290.675374323267,4,32.49227944066413
H_615,2770.529961542258,30.126912983918555,754.7309701650338,1,68.72955625825176
H_616,277.1260835791049,44.73627125495254,1400.5847970010695,0,96.16158070461657
H_617,902.9451796268908,29.78276354322204,1175.9832159613138,3,73.0243334357868
H_618,2437.983711399878,25.10025378165112,2606.7797554013873,3,48.987047671774455
H_619,2269.953102112609,32.87927296076607,1283.3697939628578,2,63.07174444919292
H_620,635.1109561334943,20.934252552767315,2472.331179440018,4,73.96828977631081
H_621,707.1130376764598,2.7064054170353344,2729.680362026837,2,61.227576569387246
H_622,1174.3690980950078,25.30335671450594,1584.543548941324,2,1.6675813489839153
H_623,1505.116657053962,43.093137802742106,2774.85785963598,4,19.477349768722586
H_624,1892.9388374378582,7.8886324060946835,1443.2951349079822,0,81.0468217215466
H_625,1169.84955475234,31.050220086929958,2910.1960412252706,2,27.26506473124847
H_626,1441.3506767861288,9.042015989657541,723.2238113139323,2,73.1562119561134
H_627,2267.665720587894,24.11224580128866,2217.548166258107,3,37.21202152416987
H_628,206.3812883827339,4.350440234102383,1734.5351011423218,4,52.188432815794314
H_629,832.0671385976602,20.26669213161833,1469.1220136391175,1,6.79732998194037
H_630,2168.7137990652022,34.027349800286075,2081.779696871502,0,18.122556104970954
H_631,2696.099829292878,15.640718590754194,2259.6427290858283,0,95.71969635192346
H_632,1583.8645821354319,29.921027601924813,510.9081741257727,4,89.0138053446914
H_633,1643.1291072694155,35.79524823553781,917.3827218679968,3,65.22751108990502
H_634,410.7988328853506,41.72300187657537,2282.615126585797,3,45.96445973857374
H_635,1397.4958637880184,10.558893683495409,2165.9635339455162,4,67.57612928952238
H_636,1644.5900727195672,17.969216211418868,2915.118762821693,3,61.8610289093939
H_637,803.164460540716,6.858720599868785,2402.5944756269573,0,56.85522556046121
H_638,880.8053697532048,44.661757597126886,2876.931769328345,0,5.917707186354182
H_639,1194.1240730034058,41.71504355659329,2256.3512538370173,1,63.280261066150686
H_640,158.20647355540646,24.29807086262518,1245.1305215986079,4,76.89200445711684
H_641,1034.029580191217,37.89149824693896,763.4123056271412,2,99.40816546455756
H_642,713.1992202899795,23.4431089772419,2454.559658362339,2,1.1078552594309676
H_643,1049.7423213159525,28.061355960124185,2110.3730536897897,1,73.01734533106766
H_644,447.31018227582854,4.010599445220747,620.4650309832406,1,57.17893159359805
H_645,2682.5291141456955,33.987168922356354,1400.1261647524457,3,43.40521760809567
H_646,1821.4181153067411,5.747106763585567,2891.9995387107156,1,12.757017457137088
H_647,2069.39672551902,37.173043361363774,1751.002864275503,1,40.908514863487625
H_648,2388.596591961281,35.191263945167364,1581.8228400492617,2,35.43771829861353
H_649,1545.482376894266,31.89351139843394,1644.249012898235,3,30.28298889787422
H_650,352.06883545352866,1.6272171236142952,1022.2068100129093,1,73.08796233222077
H_651,1657.6089712737885,13.640776017539787,1421.7679271619882,1,70.07255212842638
H_652,1801.8392422605496,11.840065645987929,1424.5331399679417,3,58.902009098091156
H_653,2261.774475134557,16.20613833621836,630.887550468681,4,93.86648132933722
H_654,1351.8126840660702,3.9439236043727344,2418.9190712947957,3,34.985438418085444
H_655,469.9828781071349,42.163102036397824,1541.2610797596974,2,24.380193771017954
H_656,922.950126816301,24.921100832056933,2555.449717041058,4,65.59033130983995
H_657,1152.9386595560418,13.74859397961106,2625.8700027997384,0,19.881406093740296
H_658,1973.1599998616437,17.864168268342755,1029.9851367466451,3,31.501050718342462
H_659,1755.2570835398444,20.124114322717606,2143.3837054253218,2,22.460244007488484
H_660,1132.680505103754,27.026745001227777,1680.7045104074543,4,6.9153567718501225
H_661,2960.894221499641,23.2055742463424,2700.3918448037125,3,82.74987416356734
H_662,1856.7469761349728,41.37263879464878,1039.3516979411352,1,25.454054292166116
H_663,787.957696034384,22.363356730762362,2194.533000775111,3,47.30275033430207
H_664,395.16917059917085,44.64711066704907,2019.3803056318063,0,4.331527325431194
H_665,543.2915036345629,38.31412309852931,1238.253693929582,3,69.93394662526431
H_666,813.2774123150735,9.382973146080111,841.5022591279316,4,33.056100230629085
H_667,565.9759824527114,41.876784658976234,2129.0994011931916,4,74.473672782921
H_668,641.0443697487867,5.236487904846424,2346.4936453308264,3,41.240306046786614
H_669,926.7759892121566,36.78523688210362,1289.068359408375,4,19.57556064056246
H_670,602.7834263547891,17.128048206446103,2112.0815100557847,1,51.31750822820359
H_671,2700.619731416633,39.508844420028126,1487.827269028758,3,13.050455963743978
H_672,332.6778624187624,39.06255105483527,2283.0172082065446,1,44.053915987299476
H_673,1621.0830297537386,36.26664300529295,998.0381872351328,1,31.730547742048653
H_674,1290.1507982700184,35.551369633817764,2725.537506590436,2,91.19595841996332
H_675,2948.8979890349588,13.710561259411836,1218.5239911639492,3,6.092872172071995
H_676,424.9128162873518,3.641367737306348,1419.4649693903823,4,69.4017414105742
H_677,1253.7812372326507,18.134108044432267,645.2298802008745,1,18.27511659874359
H_678,2911.4642564985697,7.80860317439289,778.7805308031909,2,31.904507433223984
H_679,2609.9706650925427,31.272799000610778,1789.6547567808202,3,41.551406306206594
H_680,2469.509005752912,15.574487694200348,1168.9816918199288,3,90.80150893749742
H_681,847.9181984303256,43.90245903869617,2588.7005643554858,0,24.257826607382516
H_682,595.5740034311909,28.843743480539942,536.7334716373846,0,9.130880254467023
H_683,2039.0653377808499,37.011625363546244,1447.7351216798406,1,31.86896039905236
H_684,2795.1903684699987,5.963610273383179,1343.3638669227316,0,10.467597053553334
H_685,1714.6123897403963,38.790651702268015,548.3190772940026,1,12.859648596055251
H_686,1757.6767994627096,41.52407357310275,810.9209975012756,4,57.38505979750267
H_687,911.9393716148242,21.917786346852115,1534.1066872965882,1,6.090193309949332
H_688,2331.529506256617,27.281382198793985,1732.1614611186167,0,3.0930881393566034
H_689,642.4268708168178,34.416441040634794,1510.7243681371729,4,71.44141014704978
H_690,1038.6697855723066,7.867738226718565,1827.3441960302346,0,36.16470948410445
H_691,1333.7656719876086,22.61547344085491,1987.8291872642037,1,12.537534923387328
H_692,1572.0700981849195,17.93983624975409,524.809552819589,2,25.361277085970823
H_693,802.9882240037327,6.58682964730121,1660.2378986337596,3,64.2086507352399
H_694,433.02679174369024,16.539049003118915,2908.748102218971,0,27.55365671408512
H_695,1870.7981230807345,3.067753922347211,1797.5807003238717,1,49.45211251204079
H_696,937.0286043967417,1.1615358127269144,2193.855668647383,4,12.169530672667229
H_697,1785.5908421255756,6.082483011967025,1279.659644792208,0,58.8093637605447
H_698,547.6518742951866,43.34018002151282,2434.9784453819066,0,31.607768384326405
H_699,1495.3062953789706,24.728829115275765,2432.3037046902878,3,62.696843452871654
H_700,1644.509354399599,43.4619972518949,1803.2401191353474,1,80.8394882304023
H_701,250.28825678503804,19.462404524855938,2940.034558198034,2,61.16464193899924
H_702,1076.1524067623695,14.03172598883668,813.8755369066334,4,29.574756259502067
H_703,489.8025631230253,22.776383827810985,542.3691622239525,1,25.57437015483004
H_704,283.78741437102644,19.778025988480955,2425.39552939274,4,32.7420958733448
H_705,2970.884673930841,4.754910791778476,2517.8888434122064,0,16.462051323650485
H_706,1034.8261504266966,28.83718416105928,800.5180728014407,3,18.117185085002006
H_707,2448.635892978441,9.721718212931982,1163.957082396515,3,79.06911019001679
H_708,838.4578988149152,27.88145797040233,543.8809084165723,2,38.4732576507445
H_709,2076.3578944493947,29.259049157916902,1233.2715269514117,3,43.59951805705858
H_710,2304.660793680091,6.841118390789164,2432.854684796679,0,59.40494655668112
H_711,1827.3523477627484,2.760733219980067,1794.9013192814473,2,58.96534951515476
H_712,1467.5709467954593,35.13427137307979,1370.2389829207202,1,6.7376871521925725
H_713,1294.3386510270786,20.691019069619408,1429.3482372658257,3,83.15407863376656
H_714,1111.7179729746863,2.6173707977464105,503.3840642886704,2,17.732655322393942
H_715,2795.634518318695,44.76898427263952,1249.5013189130898,0,72.30716360496689
H_716,2508.7962825844147,2.600125244836499,2116.1468540948263,4,77.26709881281666
H_717,2898.5780409328863,31.276585298634892,2935.486109540893,4,71.48995340913137
H_718,460.4619481080797,44.265551636853615,2617.6520674597487,0,57.89776465541452
H_719,2219.515678090568,10.763104689716652,558.9874116138228,0,1.460899710888286
H_720,2821.18732478101,6.401221590923828,2746.4015116870983,4,36.03754923631707
H_721,625.5758918804145,5.4623222740093,2457.996033246565,2,60.48394293625812
H_722,292.8391753636547,13.6473816405418,2450.940308927451,4,38.74512959225387
H_723,2249.249882941171,4.547061495479101,1644.9893975089287,0,86.34798949128131
H_724,1765.9720282217445,31.147260376235934,1495.0132323862572,3,30.880227534961534
H_725,2541.3034525989888,2.803130915852821,1257.2893220829815,1,29.353479245866044
H_726,505.33989221623955,22.923995766740536,664.2371473859145,3,26.599769309265795
H_727,2406.2752043936816,44.85135842338396,1070.5884087342479,3,33.27808689607955
H_728,684.7192281384591,36.628662127770845,1116.5090874450616,0,55.74049643141872
H_729,574.602234310543,27.68487472039549,1710.192674275504,4,70.70152942725908
H_730,576.3708139998796,13.781412935397524,2368.611016491735,2,66.2567917738785
H_731,2462.266688671008,28.07531263312373,1684.5245709948665,3,80.77178199814796
H_732,2029.0719400189803,23.716865876024322,644.6111236179015,4,88.59139954974249
H_733,1616.889731830446,19.173752275066718,2894.47450247051,2,81.60790423433512
H_734,1140.6084039581572,5.881966953308976,2856.8107977352806,3,1.8945403374354575
H_735,2643.881568358014,39.897189685821004,2462.973857871021,2,73.59179535519887
H_736,1238.0908115256427,20.24030919695951,2978.3197539105513,4,20.83995736183316
H_737,2468.1383744675736,8.758013031934428,1861.2058320006572,1,13.292804270798264
H_738,1373.4912348536334,16.549170789478033,2906.920875633015,4,63.84887847991355
H_739,1193.138845332232,18.635838863801716,689.012601541877,0,31.974319540769493
H_740,1441.7713784418586,37.23920530050934,1414.2018706534282,2,5.711716337044326
H_741,973.995835076012,33.01264712526309,1063.4531700169146,1,13.762973439836134
H_742,2268.067202511128,34.61872021386029,989.5827103356751,2,0.09294168699610639
H_743,1557.8891312681894,0.4964068992891246,852.0073722316902,2,90.32236273447073
H_744,773.4168159257702,18.72692991808927,2056.0341039149916,3,2.461798384123859
H_745,2708.7662624962486,21.66048682358956,2453.3046393682625,0,20.945576950951107
H_746,1213.2845419823132,0.8636524570375509,1945.7459985509017,2,41.62627806879073
H_747,1676.3032972305668,11.69159439352654,867.4067739705242,4,35.65713259508191
H_748,2728.769121797186,34.21304204049608,2527.8094248336774,4,91.17258769127757
H_749,1910.290188150577,6.169936757804957,2089.886767909321,3,4.028894573454211
H_750,439.0043180542558,24.088955915366626,1470.4142653174888,0,51.221470767705156
H_751,2825.513158479078,9.684084240775688,2185.325738840157,0,68.0479462524374
H_752,1920.3533539071118,0.5454348589751973,1149.762448107082,4,93.16979736811687
H_753,1071.2262825055498,10.854065591979367,1362.9805212355263,1,62.0371252123721
H_754,503.88901072382305,43.91431897095242,2793.7146078299756,3,80.37552360117627
H_755,2402.6730488838584,36.06917003473453,1226.2612641785508,3,8.37249378453484
H_756,1898.2109921926892,43.1809489944465,1674.9706703948416,4,38.59395109369274
H_757,1647.0371667313325,21.95343197668631,2725.352843490037,4,37.394713447906746
H_758,2692.288490847777,4.938128940487657,2269.3033756688187,1,88.62882164557176
H_759,2386.9319125511392,24.65817700381618,655.5080654117569,1,15.137117126327492
H_760,539.8571512249785,20.44698005519824,868.2576106974259,0,15.188617233663027
H_761,1003.9939966070899,37.99606872328272,519.603976929792,3,32.855814988579844
H_762,820.6185054619507,4.413716135291007,2077.304475572909,3,5.446604736683758
H_763,2257.444248460763,21.97085116598002,1619.1835635260459,4,18.245804065249004
H_764,197.2440607337602,6.752189911229292,835.6871272556889,0,96.52096385457352
H_765,1752.680086126818,14.610416710052698,2894.8353026419263,3,42.81839398671728
H_766,2311.1301886480023,33.18106848245098,1824.1493098640497,0,63.201920842243645
H_767,2642.6203466090733,21.420815821594495,1104.733235282223,0,72.6111259344637
H_768,1092.0370712761317,16.91497283155962,1751.5089278867688,4,36.69614070072005
H_769,2481.646183548837,17.75143253565159,2199.0508318377697,0,14.722707441051696
H_770,420.83203717010093,20.675104578269398,690.5980449339112,1,20.658101622178084
H_771,2554.7116460301027,35.32574447266756,1186.75953761973,1,31.326647658061034
H_772,469.717120762749,40.14381100231055,2517.4137272099842,2,63.60684203522256
H_773,1252.1331426250651,42.99006089267677,1649.162176006653,4,39.82805490890544
H_774,2412.1565607607054,35.410652381488276,1866.4428550807372,2,0.6814697900128119
H_775,534.760539311444,14.193310308660573,1582.0400055236732,1,52.34071850674719
H_776,764.8290461746603,30.966061773894396,609.7498566075128,2,92.1513391907418
H_777,2194.532448339892,19.692140582492637,914.3744495503898,4,81.2077611008679
H_778,2188.105955983616,11.460177992072303,1613.8540968547272,4,82.52113712596311
H_779,1959.3281353673622,37.83922107416652,1022.9636635198195,0,79.50580176061311
H_780,2112.45048895459,1.729185703304625,624.9475716491968,3,32.37308256104237
H_781,1673.900885708029,40.57928964609406,2609.124160129559,0,76.5193833754392
H_782,830.217270830163,20.766485908113037,2952.9813229102897,4,14.3161357811193
H_783,1102.5183811613665,28.674066456372618,2482.8571849918485,1,65.77161472759535
H_784,626.6333787241344,29.670926499260222,2634.4623042616677,1,64.15685666849944
H_785,2734.506627867522,40.280298331794135,1104.9428257926133,0,2.556979908973467
H_786,1791.8362048217493,28.65013569752433,2901.5674387829995,4,78.79701335909316
H_787,1262.4691086145556,27.62701131420278,992.3142611335709,1,90.32481050951306
H_788,1439.8168305679849,2.999341825231048,2878.5745259045807,4,26.741527847210765
H_789,2847.1216848742642,23.328360987534182,2987.0482349148774,1,81.2390724186151
H_790,544.7190690366326,6.757605036766875,2279.307014365122,4,8.24059718619482
H_791,1800.066512848712,33.18451959246685,2952.8593294795546,2,59.9967858261066
H_792,1567.0771687649512,23.04998643657035,1923.8494489177592,4,48.56468653342772
H_793,1873.2172827604786,30.610250064375897,1148.854457940226,4,54.5923533309
H_794,152.51953308043747,1.875280527107292,1592.4897141640522,0,92.62052018843451
H_795,2629.1593359380395,3.815640722061145,1983.902338446965,2,87.13152472468535
H_796,2803.143019202476,32.2345524628207,682.7039050675374,3,78.5083657239757
H_797,1738.8862324087058,3.2437951199403017,2055.8581615431153,0,27.3698457678371
H_798,2120.2873892429875,3.206552749436637,2952.944591905736,3,91.18186286860916
H_799,2775.2482054141574,0.5448813855699353,975.2691244593191,1,9.750769246387526
H_800,2150.992039508856,43.0425629234766,2481.4877907209584,3,85.33292165587878
H_801,542.3632244513578,33.18787617565531,2769.7469844490483,4,32.81600723536078
H_802,1771.2362444837581,15.896313382592886,2859.253982050552,3,5.377231166198337
H_803,1859.4736345102822,13.344101157944484,2900.339011013618,0,66.93569842407483
H_804,1329.9789467769194,15.73664533856323,1803.6490968036799,0,23.127992831595545
H_805,2235.688283311696,34.85940890315318,2943.269769978759,3,24.35711258646319
H_806,2809.664342830143,29.76167749816865,2393.275517836097,0,30.60471662287715
H_807,2784.1486874296515,8.333800554036056,904.1785905924048,0,6.368476750251673
H_808,1407.4341770719832,7.834920090033796,1692.250266169925,3,17.712714419825403
H_809,428.3903329381902,4.42780423710288,2295.82793843001,2,0.5139627585560302
H_810,2956.0394769907703,29.713622386560218,1118.3507895477082,2,44.54095211057868
H_811,2532.8044506932088,34.39676979997812,2101.5379588722185,1,8.425537741797129
H_812,461.52177548947384,11.927089274625182,2166.501197616548,0,68.2652605044199
H_813,2770.4414595903795,0.9425232463910765,906.7493595214147,3,23.562285119164837
H_814,2622.699449980172,3.6977250364392305,1912.7132811318907,0,94.35741440351771
H_815,1604.6303656656091,43.55370156802637,2429.0672774465193,4,87.12516273986526
H_816,1814.6987636602948,13.295014986483912,1747.2391613398547,0,28.944089496820823
H_817,1257.1078412233778,34.615041652716016,530.2577919402686,0,78.32154546566787
H_818,258.80875258389085,28.10986059844187,522.5961726982305,2,80.32449046648063
H_819,1072.0720007731127,17.187283784380316,1392.5733599250304,3,98.65631141144104
H_820,2428.275000934233,9.25592679879998,2815.485171079455,0,59.783998684568495
H_821,113.43286671334829,5.46238881717329,1071.691949009022,2,8.19657346436622
H_822,1067.147597904318,27.675583561748997,2085.909222179218,1,64.6837228926381
H_823,1254.6892114137356,34.85852012870046,1055.1896767333014,2,62.49797483760352
H_824,1658.4472485199763,28.97569140935088,1304.1749741488716,2,63.835057742043176
H_825,2767.5812875970055,23.863595996212123,2620.1052240037097,2,30.71456481042115
H_826,1104.4033836612875,1.887805054423632,2322.1536056748673,0,85.96795850803329
H_827,1106.1642854990603,43.58199499174727,738.4981932830266,0,95.94721829554119
H_828,2238.75361951827,35.94213862445586,1571.755052466084,1,21.77125129781515
H_829,1411.4320285804408,13.176991651543414,572.9244091131611,4,8.815215813664445
H_830,751.3539865259477,44.098664821148276,1702.2253665075225,4,19.45350331684841
H_831,1412.0745967848109,27.084671533634495,2156.08502925267,4,82.05521392557188
H_832,508.4853591014196,26.209019619326092,796.2565589953789,1,67.66446348198475
H_833,611.5222608680476,33.66329307432895,1222.212347272914,4,63.604734233912666
H_834,1545.2665409444912,36.52964046405619,1494.5915637553924,4,40.17931351094245
H_835,1314.8838035631888,29.54153732991762,2798.8275616401243,2,57.78279715114357
H_836,2753.05311309749,5.764308586479001,2983.13753855741,0,30.787412527436743
H_837,1150.942307438236,15.222037769752427,612.2782474890396,0,47.720007941796126
H_838,1783.706215806326,41.76376381467224,2402.51980873848,2,79.30630283706559
H_839,1933.566434966638,10.107702532973336,1429.310166005858,2,98.12415974554621
H_840,137.97392410616754,16.7475160726881,1481.1454655737002,2,93.24889235898019
H_841,2024.2583788484608,19.44345973248882,2385.662433367557,0,93.38659428462488
H_842,616.3043039222791,19.77322453625035,2796.0660803635215,4,40.22237348471124
H_843,2887.10392066142,27.582281212253648,2877.321486256371,2,46.87898805067909
H_844,531.1219104840276,42.43841269851184,1942.806465095802,1,70.56353963689816
H_845,1302.4099588083689,10.831172032462723,1392.802898251257,2,92.21919280512843
H_846,347.5140374280672,5.467561933541313,2468.872714646948,3,14.199425935208465
H_847,2990.9353303532475,8.88617204369718,1127.5034581557506,2,30.424186382719576
H_848,1556.3655299606035,39.911620509417126,1910.1850720837945,0,13.924684459410951
H_849,1826.616550228127,29.06148656948427,1396.446153812183,2,61.20085299594553
H_850,294.5217844264397,12.865805515762206,2141.5776842696905,3,30.630099688753752
H_851,2274.8853641576156,36.717612253587774,1100.9972822337672,1,32.61078525125735
H_852,708.7262199771988,38.76164983635462,978.9823643370644,4,7.091595948797924
H_853,2704.35743937807,38.09314524106251,2795.5977166885928,2,34.97960618075919
H_854,694.9049573978208,41.35169401377995,754.5092073738423,3,86.24965074015853
H_855,652.9943899246331,11.350845907801272,1764.894769337329,3,23.307281189083497
H_856,205.99403675947514,33.97688679358252,1052.1319574075223,1,69.51874662100657
H_857,1468.9941408189977,20.7242773773363,597.3249083141686,0,62.96283449385926
H_858,1738.0392864615876,37.88993488005277,590.047045728566,2,86.34846083691153
H_859,290.55505434222187,32.7820804722726,938.0544302645683,3,13.228794765103824
H_860,2349.030088415531,34.94013509248761,2666.925886265001,1,97.75899603450432
H_861,1414.53762076928,29.527282695648218,1206.1968599425668,4,58.26286460403656
H_862,1620.7317810499821,7.984294626136809,2876.147926438239,3,99.54741523468144
H_863,1378.2119661208617,24.526211350362225,1954.055732472984,1,91.15147258658509
H_864,1262.2128765384452,44.31013827860287,1591.5354744219153,0,22.15172721131058
H_865,1722.956960793832,42.182462992370354,1950.2220866736366,0,5.61620099033131
H_866,550.1967131990663,1.9428181108655251,1791.7459630656695,3,25.563909379536152
H_867,627.5915784362862,7.416666707824671,2396.940634393313,3,52.756364899941985
H_868,2599.1783009392,5.927794805455286,1206.2401649321307,2,17.159636706519
H_869,2843.734840187535,32.6690959493383,1382.625979000756,1,16.74597445179885
H_870,1182.5970172112836,36.800339843562526,2735.235756333127,3,46.25935471051531
H_871,885.1595521163059,9.608011483980237,2866.1412828760135,2,3.3267971169358423
H_872,1967.5986753931456,22.763371182832305,2731.395568716186,2,12.188808253227046
H_873,1285.3290961844796,37.831636260504,1548.619984893284,3,41.58613394079475
H_874,173.6204314150001,32.976069514481274,2450.9137575172044,0,6.312990920796646
H_875,552.8425323619521,24.40067424713317,1690.8393332527469,1,39.67550564555293
H_876,2176.3194636574526,26.56564607064478,1743.8496303652555,1,47.40062659484451
H_877,2010.8794315394389,22.876224611232598,1011.7002726432099,0,45.12666140731144
H_878,178.5783782601021,13.389680309346925,1977.825758146291,3,86.91748574030873
H_879,743.7192696055533,25.425989678655725,965.3397443833699,1,53.00624550517325
H_880,770.1169101054071,30.99983859225408,1328.9117476679844,3,46.798046247804336
H_881,2048.4889564363125,39.299531213736344,2637.575504049838,3,41.07092453916662
H_882,157.16055948765606,28.633110929066163,1017.6895230271381,2,81.76233783044862
H_883,401.91488775526415,34.25046916694211,677.895712933582,0,89.50566039998331
H_884,2419.756647582249,7.2032235729557845,672.5189815320407,3,85.32424691971175
H_885,617.7795199575675,20.770086348890544,2851.9613012577697,4,67.35465781313908
H_886,1992.9637127704366,0.4199228922191983,1767.3010949045865,0,13.736174596867423
H_887,790.7300650355069,11.100548903473037,1523.5301795425457,1,27.686996949201227
H_888,388.38003900210094,32.69077718008522,2527.1964525197964,2,4.606306368197743
H_889,805.1993538984168,44.631447810721355,2589.56481977629,1,93.08240749901141
H_890,2194.5741023814116,4.4630144814247155,1330.4775827890116,1,66.07985296909104
H_891,2581.519757508229,18.06724421375797,2234.045143684488,0,74.63628843132415
H_892,2507.637607244276,36.00319359146218,2427.807039629716,1,31.157173958222895
H_893,1251.832235893519,9.181603558300448,2136.626717164886,3,84.56535222773424
H_894,2037.4468960548738,24.97882271860288,878.9876870002485,1,25.96032837084785
H_895,694.4544567058808,32.988208321335364,2689.7077087926427,2,0.16437571124496841
H_896,950.1284177569385,27.719345261708057,1847.7363818400217,2,37.641496252069395
H_897,2699.373873711247,8.461113057693726,1206.181065925009,4,57.07614809590734
H_898,137.7055781811345,15.992305590858274,1563.0704635942348,2,47.87048579655225
H_899,347.9747394779574,35.27063030184287,593.9277259972685,1,86.2076142576597
H_900,702.8701399234792,24.94019313594075,819.6670030560439,2,10.540528595616694
H_901,176.94339123407718,0.23533260943107315,2413.8668762896523,0,55.38234406337256
H_902,626.1627617604122,34.244584201264225,500.02908688841535,2,51.297934982090744
H_903,1790.8205268121073,1.5890109723107582,1541.4145712057305,3,28.1392982172163
H_904,1322.1311967182442,33.55802022290545,1806.2754527139712,0,82.22281125770105
H_905,2688.747962123227,9.111625207435683,636.5860500024307,4,75.28486558822063
H_906,2470.5863290414786,43.11330660537211,2932.6954074308323,3,73.2859187331831
H_907,1091.2703199238404,16.557333808593803,1065.3133281241799,1,87.6192478269556
H_908,852.3279569507482,14.711922735213559,1260.496799090702,1,72.27846006215212
H_909,1201.107983685074,6.699962264960011,1259.8562806375685,1,23.184129171472645
H_910,1811.8553332929425,13.75218969705967,1076.0416552933748,3,70.5562711649691
H_911,877.3845583863412,39.449284282269026,503.6845552157785,3,30.770281338984383
H_912,1910.0318327624886,44.83504519322613,2323.361985219991,3,24.217465034747054
H_913,1287.2937913545973,16.573928872808175,2917.1137494982136,0,7.300359289962732
H_914,1700.9368244707427,20.187478392954414,1060.7337082126128,0,74.40285803476768
H_915,1364.7669344924184,32.493192219123166,2157.6179795085563,1,71.10009619498112
H_916,953.9507026715612,39.87881012092836,2354.740817396788,2,23.449947767409373
H_917,2850.5145901902542,26.686995038405286,2621.063447726312,1,74.93790167241559
H_918,2314.4568030633063,17.61865641800232,1556.572992534023,4,91.78408830935531
H_919,506.32820972271236,18.56798283818807,1257.327264101073,0,10.802895749157926
H_920,2618.557130103947,31.302816592356308,1313.2378350575777,3,23.263663838677495
H_921,1513.5504749235895,0.14482186219254067,2281.553332746282,0,75.02607940873155
H_922,2694.201457992865,27.881520185692832,2541.94866626409,3,27.450667350707825
H_923,2419.5802422472143,15.997185469861083,954.0349193915067,4,62.46639742837168
H_924,1333.119162960777,35.73887990746879,1427.352520394413,4,8.116422446371452
H_925,165.16099412834046,4.184578792040947,2754.850491872875,0,45.22024791035387
H_926,879.1643422163436,26.469102012677574,2516.7337992368484,3,73.9091421992953
H_927,1670.739222516514,21.64378004487557,2962.1460069061895,4,68.65139430432525
H_928,1937.086837495827,28.904648665735234,2385.620649205202,1,81.50721006758069
H_929,847.8742877562867,2.9184117517335757,1482.9880025698058,1,87.74521266031688
H_930,504.13261481118997,26.099270434265907,1976.5945849865943,3,77.31835012587582
H_931,2521.2976867179673,25.266806458178568,2152.535635618301,0,67.15877429389259
H_932,2954.7663240403012,25.229704248727693,696.1395407928098,4,3.172249181603115
H_933,1624.5015286777889,27.156944996840465,1861.2423977596627,0,53.496667340944406
H_934,597.8699289600802,30.4410571751863,2273.302071181524,1,3.7697724914852793
H_935,889.6912469061699,36.22450498563464,918.303260002651,4,80.80678171160226
H_936,153.33296198765353,12.141932405769646,2451.579293563893,0,32.07245244599576
H_937,2751.466539025447,37.12722345810279,1959.4319512852792,2,56.24293741179209
H_938,441.4781403814093,22.421505701855413,2880.554464243987,3,27.94453073189026
H_939,1771.8977789913354,3.4676225610449025,606.0557455172293,3,78.25001443802935
H_940,894.7601399928974,2.6347918159790638,1163.3153438886675,2,88.65025266419025
H_941,1707.116207295801,15.040724341322736,2003.8846982495602,1,39.8642494213064
H_942,1989.1191262204063,35.32036397001604,1241.3997805148267,4,86.2922393510989
H_943,2506.2512307508846,31.84564206334121,2286.0604101781055,3,26.70750074563324
H_944,698.6216881057493,35.48767341025829,2397.5132063048277,2,53.46609230755238
H_945,131.8879031095934,23.27710753987242,756.2899101661861,2,85.8761429838704
H_946,496.9683271995411,19.808954907997077,1784.6361605169193,1,32.588134261579036
H_947,2710.054061359505,6.635363701782778,1772.2263889776398,1,95.40422650780857
H_948,2634.281224931294,14.76867391241902,1423.2019255388527,0,12.187950178138362
H_949,1832.497996293894,19.530871477824387,2832.31215642418,3,1.8275069723506232
H_950,1841.4988952575948,3.9870193355827754,2568.765799683053,0,90.41353525781906
H_951,2028.6063561841409,9.927537872004507,2243.023454774092,2,6.864866614787224
H_952,608.5767080080038,26.920138232868247,2285.816589337494,4,99.18891959474917
H_953,2751.7946431823834,33.10484014076354,1654.2903595327978,4,95.1396861979106
H_954,1314.4345221870121,44.92563801268273,2802.48630274144,1,13.702091003632066
H_955,1211.1017319235427,41.990099910460096,2236.4885681332134,4,53.75846256925658
H_956,1604.8613453202288,28.91543397908362,2322.452654139541,4,18.492029746714433
H_957,236.20130364765964,18.95616239823324,2654.227259468363,4,42.81551730301199
H_958,582.2217693926302,28.627981411870472,1185.1789733554774,2,6.142512925983268
H_959,2240.297487636474,35.35432281361044,2517.6772596667574,4,22.392458779658952
H_960,340.11613698286675,5.32512859155243,988.1015073912301,4,36.32727963988995
H_961,1849.1411174525258,18.445720036332972,1363.3548806122196,4,43.864750024605485
H_962,811.5124180758307,37.79110285360277,1339.0261356746068,0,97.74962582088932
H_963,1228.9572807217319,17.27248283698698,2946.3136709728515,2,80.78656456839812
H_964,937.2118366350296,25.734252205223395,2641.343059369817,1,73.74099443119462
H_965,1131.4508777483525,26.44962123879892,2252.9246539756496,0,53.704131474197425
H_966,2185.233125034312,8.301431391013772,2317.6419040384753,3,83.99977606043434
H_967,961.6529753072076,16.300594874352978,1905.1819860064277,2,33.93228356557111
H_968,1742.573456861002,15.053007993386947,2867.726667771298,2,70.8899112773316
H_969,1480.546166377389,1.1788518839429156,1740.646882205904,3,99.37839753781721
H_970,2024.6463795516795,1.088629375110986,1451.2942746747362,3,31.46289089351988
H_971,2816.806244041798,37.426366965409805,907.5883423289774,3,67.40175348839674
H_972,2224.4590819097257,12.288186448776559,2465.514130652645,1,84.43148641523824
H_973,723.3270979131946,23.313544480746696,2336.109830188979,4,91.58075833506723
H_974,190.43109167772553,13.442650811494786,1460.8875963103374,2,71.79326909401018
H_975,860.5657284694928,42.330566030190326,562.9835348980735,4,28.360792341713626
H_976,1825.725999030739,11.668354148959818,2597.4933192950266,4,32.62821515689465
H_977,249.134859104326,19.33455657325208,528.5449586351841,3,2.075803212396421
H_978,1539.4621168835854,39.27286127180708,2259.2494490726276,1,76.08859776715097
H_979,1830.8442618589788,37.88701050563139,2925.6427743151426,0,4.273960606195137
H_980,1069.3072833691863,8.374563803082479,1594.1533203705087,1,86.46523546027457
H_981,2335.6453908628837,36.118948940806966,1087.4335124898819,4,11.86606144745388
H_982,409.13493408793823,20.61840990320517,2262.1775251084546,1,17.187651213592424
H_983,317.8995670338454,21.733599243840985,2542.8203550389626,3,47.652647083223734
H_984,2211.7473929904495,6.0065987587174705,1866.0757901946183,0,73.78804151687423
H_985,1536.9248169979755,3.6270681190706093,2917.5881881403657,3,13.90022051990777
H_986,2096.3669496404345,32.75726881381944,629.1718041449028,0,44.007107506649845
H_987,1360.999281950864,22.34075185598849,1761.9889957613204,4,48.28512744101048
H_988,814.5658963934097,19.65828161768308,2296.134868306375,0,21.228564166859133
H_989,2475.3967212551793,32.827870289357854,2656.6011778729476,0,11.555837668063173
H_990,2418.3060490100397,34.44808045459994,948.1390297694752,0,83.64209229856395
H_991,2114.6197654778375,7.15086754512091,2500.0087044092033,1,50.24656497627655
H_992,889.2208979668918,27.46013172649386,1881.7676892963632,1,1.4381235984152974
H_993,1811.6689339203526,6.090933702495849,1491.384204974908,4,80.29813013091038
H_994,1146.8243011260777,33.81187887130706,829.2875714477339,0,98.07938054145848
H_995,365.58801264723905,29.562982032021278,2663.239397272281,2,60.59261954142473
H_996,2760.209368840504,43.04765794875561,893.1830204492884,4,50.37083870840707
H_997,496.77402966498806,3.1031107360389534,1274.469648022748,0,87.84158630449616
H_998,2855.688326080327,2.567462451806444,1225.1138299060922,0,95.25167896845986
H_999,1393.4167415780717,12.698418361194006,2678.535085477136,1,75.45369159024605
